63625534
58284864
54978023
52569250
51035590
49755252
45211749
104171935
101491106
96178899
94430785
94956643
92389023
89331622
44131031
39674095
37540326
35210735
35131771
34387597
29197135
55892428
52808013
46423352
51363451
53002328
47910904
42784967
44680555
40637377
34993738
31940026
30038696
30439122
28137797
28866313
27429152
59732147
55201915
54780346
52450262
48548430
45040340
40975673
65933145
65766986
63813756
62052917
61611934
60970551
58167062
54969536
54053905
57221169
59701543
57730732
51533187
44355998
44422022
44876627
44279504
43456310
41226035
39043708
38254207
46039137
42244842
37712357
33445817
31599353
29073990
55631385
45981773
39752819
36712455
34211608
34729467
28531607
58266515
54014502
53472514
52556359
53156278
52849132
52209377
65670697
65512163
63554402
60436266
58591842
57832495
56906610
33108047
30765078
37283987
32389544
32205358
32419181
32377064
83654250
78014841
70475636
66431533
57684550
50977960
47180628
40289969
37494704
35610759
35016236
33993962
33577154
33133852
41738662
40422156
38506467
36165762
36980161
37651222
36227778
60786937
61032022
59566132
58036948
57520001
56436255
53009221
39213865
39765714
36460923
32477646
30371131
27432346
70314462
68283407
63121786
59609414
56064248
53328613
50348960
79699762
75316718
72826565
68906636
67788722
62584826
64211074
41622594
43023224
41239700
39865325
40022736
40128953
40479569
57849814
49412750
45662322
41679758
39154375
35191825
33605579
60248741
61836781
56767108
51172626
44992420
37406025
32165817
58813103
56827154
53254533
50413204
49293587
47644060
46514154
41980515
37523345
52640043
48938424
48930409
47498157
39887866
37704510
34087636
47496614
45356580
42869517
41856787
41666527
40560285
39757359
80921527
74937004
70663265
66702252
63688121
61862052
59070127
43136795
40271343
38105747
35448590
34222405
33668048
31378644
75715474
74989795
73408489
72368030
70037417
69433565
65884143
50397928
46779554
41822863
39729027
45175501
49653055
49844596
41923399
38727749
35714091
34973645
35214430
35356991
34877899
29431084
28060111
27731252
41410254
38433288
34255739
31534638
44584603
44350247
40941879
40563071
39467444
38314389
35698025
39534991
36583459
34015169
32856597
31878935
29551394
27148724
37413728
36556281
35147083
33870693
33125768
33074443
32749649
42261309
40981522
39700515
38672644
38360604
37763701
34721605
39000563
37268307
35535206
35341341
32874530
33815906
78327479
76942493
69999010
66883271
66834931
66701241
66774738
94393454
89938628
86128270
83712355
81929359
78675058
73948113
30228596
30839130
30775271
43302381
44003840
42125212
40318451
40452009
40591948
38554215
66002414
60053387
51687894
47189849
44880164
41447730
40578621
45736700
42340461
37497941
34824281
33219723
32820060
31553166
53099282
50057887
47114631
44944201
44431894
40927786
39253999
40460135
39090699
37971135
35599643
33828726
33112442
31298812
58698000
55449000
54093000
53726087
51181804
46543845
42038777
41985810
39914103
38863380
38254039
37342798
36022614
35991917
41975090
39721619
36272701
32268457
29569725
28245745
26713610
42296322
38473333
35804465
44335198
41036847
38569088
36037962
34912456
33434199
31937895