2016
2015
2014
2013
2012
2011
2010
2016
2015
2014
2013
2012
2011
2010
2016
2015
2014
2013
2012
2011
2010
2016
2015
2014
2013
2012
2011
2010
2016
2015
2014
2013
2012
2011
2010
2011
2010
2016
2015
2014
2013
2012
2011
2010
2016
2015
2014
2013
2012
2011
2010
2016
2015
2014
2013
2012
2011
2010
2016
2015
2014
2013
2012
2011
2010
2016
2015
2014
2013
2012
2011
2016
2015
2014
2013
2012
2011
2010
2016
2015
2014
2013
2012
2011
2010
2016
2015
2014
2013
2012
2011
2010
2014
2013
2016
2013
2012
2011
2010
2016
2015
2014
2013
2012
2011
2010
2016
2015
2014
2013
2012
2011
2010
2016
2015
2014
2013
2012
2011
2010
2016
2015
2014
2013
2012
2011
2010
2015
2014
2013
2012
2011
2010
2016
2015
2014
2013
2012
2011
2010
2016
2015
2014
2013
2012
2011
2010
2016
2015
2014
2013
2012
2011
2010
2016
2015
2014
2013
2012
2011
2010
2016
2015
2014
2013
2012
2011
2010
2016
2015
2014
2013
2012
2011
2010
2016
2015
2016
2015
2014
2013
2012
2011
2010
2016
2015
2014
2013
2012
2011
2010
2016
2015
2014
2013
2012
2011
2010
2016
2015
2014
2013
2012
2011
2010
2016
2015
2014
2013
2012
2011
2010
2016
2015
2014
2013
2012
2011
2010
2016
2015
2014
2013
2012
2011
2010
2012
2011
2010
2016
2015
2014
2013
2016
2015
2014
2013
2012
2011
2010
2016
2015
2014
2013
2012
2011
2010
2016
2015
2014
2013
2012
2011
2010
2016
2015
2014
2013
2012
2011
2010
2016
2015
2014
2013
2012
2010
2016
2015
2014
2013
2012
2011
2010
2016
2015
2014
2013
2012
2011
2010
2012
2011
2010
2016
2015
2014
2013
2012
2011
2010
2016
2015
2014
2013
2012
2011
2010
2016
2015
2014
2013
2012
2011
2010
2016
2015
2014
2013
2012
2011
2010
2016
2015
2014
2013
2012
2011
2010
2016
2015
2014
2013
2012
2011
2010
2016
2015
2014
2013
2012
2011
2010
2016
2015
2014
2013
2012
2011
2010
2016
2015
2014
2016
2015
2014
2013
2012
2011
2010